,switches,max_line_loading
1,"[7, 12, 24, 34, 43]",31.79318280925953
2,"[4, 12, 24, 36, 43]",33.60092261440918
3,"[0, 12, 24, 35, 42]",32.14957641431465
4,"[0, 12, 16, 24, 33]",31.02109658211088
5,"[0, 12, 16, 24, 42]",29.166600937964954
6,"[0, 16, 24, 36, 47]",26.75556560742467
7,"[0, 16, 24, 36, 47]",29.074226039088042
8,"[0, 16, 24, 36, 47]",24.8791131692723
9,"[0, 16, 24, 36, 47]",25.932024817831216
10,"[0, 16, 24, 46, 47]",24.440337933092128
11,"[0, 16, 24, 46, 47]",25.407137411149115
12,"[0, 16, 24, 46, 47]",27.111056015632336
13,"[0, 16, 24, 46, 47]",26.771396288613825
14,"[0, 16, 24, 46, 47]",29.405865180872144
15,"[0, 16, 24, 46, 47]",29.25554896026495
16,"[0, 16, 24, 46, 47]",29.25789841740871
17,"[0, 16, 24, 46, 47]",27.194389659204404
18,"[0, 16, 24, 36, 47]",23.6656629825862
19,"[0, 12, 16, 24, 42]",27.390984960930798
20,"[0, 12, 24, 35, 47]",30.3923292072703
21,"[3, 12, 24, 34, 42]",30.263831148393567
22,"[7, 12, 24, 36, 45]",30.18410370095715
23,"[8, 24, 36, 42, 46]",29.66647576694591
24,"[8, 24, 36, 42, 46]",31.379107608861638
25,"[8, 24, 36, 42, 46]",32.045676164621824
26,"[7, 24, 36, 42, 46]",31.759803955074297
27,"[7, 12, 24, 36, 48]",28.14477142741482
28,"[0, 12, 24, 36, 42]",28.26586628762665
29,"[0, 12, 16, 24, 42]",29.528503455657074
30,"[0, 16, 24, 36, 47]",27.255713225634786
31,"[0, 16, 24, 36, 47]",29.84650174389601
32,"[0, 16, 24, 36, 47]",25.56258999004149
33,"[0, 16, 24, 36, 47]",25.813135215727527
34,"[0, 16, 24, 46, 47]",26.131176771188326
35,"[0, 16, 24, 46, 47]",26.25994558729272
36,"[0, 16, 24, 46, 47]",26.319035142944923
37,"[0, 16, 24, 46, 47]",25.90481740482592
38,"[0, 16, 24, 46, 47]",26.408573665806596
39,"[0, 16, 24, 46, 47]",26.431175305408374
40,"[0, 16, 24, 46, 47]",27.274666219762622
41,"[0, 16, 24, 36, 47]",24.28394844141052
42,"[0, 16, 24, 36, 47]",23.614158746360854
43,"[0, 12, 16, 24, 42]",28.842339974390523
44,"[0, 12, 16, 24, 35]",31.88997511520173
45,"[0, 12, 20, 24, 37]",30.37942891399647
46,"[7, 12, 24, 32, 42]",30.13728741571395
47,"[8, 24, 36, 42, 46]",29.855265040364404
48,"[8, 24, 36, 42, 46]",31.07060466432156
49,"[8, 24, 36, 42, 46]",31.51561088745846
50,"[7, 12, 24, 35, 44]",30.699423954507477
51,"[3, 12, 24, 35, 42]",30.183677576511624
52,"[0, 12, 24, 36, 47]",33.54426552838147
53,"[0, 12, 16, 24, 47]",31.893224142172606
54,"[0, 16, 24, 36, 47]",29.074128970539938
55,"[0, 16, 24, 46, 47]",31.999519365982326
56,"[0, 16, 24, 46, 47]",25.535079786012847
57,"[0, 16, 24, 36, 47]",25.78440597817439
58,"[0, 16, 24, 46, 47]",23.953597836987072
59,"[0, 16, 24, 46, 47]",23.959246747705926
60,"[0, 16, 24, 46, 47]",24.11899372566677
61,"[0, 16, 24, 46, 47]",23.869283367771096
62,"[0, 16, 24, 46, 47]",26.788277866035422
63,"[0, 16, 24, 46, 47]",26.71023384488881
64,"[0, 16, 24, 46, 47]",26.770674628184498
65,"[0, 16, 24, 46, 47]",24.77875313928163
66,"[0, 16, 24, 36, 47]",23.314680000825753
67,"[0, 12, 16, 24, 42]",26.777417129270344
68,"[0, 12, 24, 33, 47]",28.974024338994315
69,"[4, 12, 24, 32, 42]",28.368324353484255
70,"[7, 12, 24, 32, 42]",30.323184821373772
71,"[8, 24, 36, 42, 46]",30.96716314383824
72,"[8, 24, 36, 42, 46]",33.43234961861072
73,"[7, 12, 21, 24, 36]",33.59992449689891
74,"[7, 12, 24, 36, 48]",32.00554413303542
75,"[4, 12, 24, 33, 42]",30.47818015481194
76,"[0, 12, 24, 33, 47]",31.265259629721175
77,"[0, 12, 16, 24, 42]",31.56672802108753
78,"[0, 12, 16, 24, 47]",28.917982720750945
79,"[0, 16, 24, 36, 47]",28.08031130169092
80,"[0, 16, 24, 46, 47]",24.57335854944812
81,"[0, 16, 24, 46, 47]",25.576501899450182
82,"[0, 16, 24, 46, 47]",24.81319634533412
83,"[0, 16, 24, 46, 47]",23.984558720947902
84,"[0, 16, 24, 46, 47]",23.920808283442074
85,"[0, 16, 24, 46, 47]",24.247959570204415
86,"[0, 16, 24, 46, 47]",25.129626391393984
87,"[0, 16, 24, 46, 47]",25.110833369948367
88,"[0, 16, 24, 46, 47]",24.75659414201466
89,"[0, 16, 24, 36, 47]",22.430257726860898
90,"[0, 19, 24, 36, 47]",21.938734893939994
91,"[0, 19, 24, 36, 47]",18.948016372292763
92,"[6, 12, 24, 36, 45]",17.196154831349016
93,"[8, 19, 24, 32, 42]",17.47471753163968
94,"[8, 19, 20, 24, 32]",20.77428140558909
95,"[8, 24, 36, 42, 46]",18.950795712798296
96,"[6, 12, 24, 32, 42]",18.624258314017773
97,"[3, 19, 24, 36, 42]",19.441508759095807
98,"[0, 12, 19, 24, 42]",20.48460310573522
99,"[0, 12, 19, 24, 47]",19.330754509525637
100,"[0, 19, 24, 36, 47]",20.55582361023674
101,"[0, 13, 16, 24, 47]",23.293028798355685
102,"[0, 16, 24, 36, 47]",22.635007504170552
103,"[0, 16, 24, 46, 47]",22.064089112157976
104,"[0, 16, 24, 46, 47]",23.50608249940106
105,"[0, 16, 24, 46, 47]",23.90219517517817
106,"[0, 16, 24, 46, 47]",24.925238461137887
107,"[0, 16, 24, 46, 47]",25.744865404403605
108,"[0, 16, 24, 46, 47]",27.13451790755531
109,"[0, 16, 24, 46, 47]",26.79602835090461
110,"[0, 16, 24, 46, 47]",27.0652517437619
111,"[0, 16, 24, 36, 47]",26.43150387154613
112,"[0, 16, 24, 46, 47]",26.040324275544297
113,"[0, 16, 24, 36, 47]",22.92630628912951
114,"[0, 16, 24, 35, 47]",20.513329669361166
115,"[0, 12, 24, 36, 47]",18.060697750634123
116,"[6, 12, 24, 36, 48]",17.89976482486822
117,"[8, 19, 24, 32, 42]",18.17498919765968
118,"[8, 15, 20, 24, 32]",23.596588474209522
119,"[8, 15, 20, 24, 32]",27.16664829371992
120,"[8, 15, 20, 24, 32]",29.86786159764368
121,"[8, 15, 20, 24, 32]",30.08839004605911
122,"[8, 15, 20, 24, 32]",26.719866736039776
123,"[8, 15, 20, 24, 32]",21.42698621609411
124,"[7, 24, 36, 42, 46]",16.820864333274297
125,"[0, 12, 24, 34, 47]",17.848326384973042
126,"[0, 19, 24, 36, 47]",18.860374109897514
127,"[0, 16, 24, 36, 47]",20.645886158438426
128,"[0, 16, 24, 46, 47]",23.70144210675962
129,"[0, 16, 24, 46, 47]",25.024506954014296
130,"[0, 16, 24, 46, 47]",25.730374922905806
131,"[0, 16, 24, 36, 47]",26.955736511183154
132,"[0, 16, 24, 46, 47]",27.3599962922131
133,"[0, 16, 24, 46, 47]",27.367901464837573
134,"[0, 16, 24, 46, 47]",29.287471109433344
135,"[0, 13, 17, 24, 47]",29.00128850584562
136,"[0, 13, 17, 24, 47]",28.791671437187137
137,"[0, 16, 24, 36, 47]",26.529910948292144
138,"[0, 16, 24, 36, 47]",23.954390935797715
139,"[0, 12, 16, 24, 42]",28.3076141224253
140,"[0, 12, 24, 36, 47]",30.708672281368727
141,"[0, 12, 24, 36, 42]",31.454297369389778
142,"[0, 24, 37, 42, 46]",32.935085418978645
143,"[3, 24, 37, 42, 46]",31.044217794884222
144,"[0, 12, 20, 24, 37]",32.38622781382785
145,"[0, 12, 24, 36, 47]",35.84698216550516
146,"[0, 12, 16, 24, 47]",34.133346918257054
147,"[0, 12, 16, 24, 47]",32.699427646925955
148,"[0, 12, 16, 24, 36]",30.775008767115132
149,"[0, 16, 24, 36, 42]",29.246927675623134
150,"[0, 16, 24, 36, 47]",26.56470074904457
151,"[0, 16, 24, 36, 47]",26.9880477400604
152,"[0, 16, 24, 36, 47]",25.20274233684295
153,"[0, 16, 24, 36, 47]",25.561243840205293
154,"[0, 16, 24, 36, 47]",25.788130213692405
155,"[0, 16, 24, 46, 47]",26.507067918800313
156,"[0, 16, 24, 46, 47]",26.940123084033228
157,"[0, 16, 24, 46, 47]",27.685638463343647
158,"[0, 16, 24, 46, 47]",29.16296212116865
159,"[0, 13, 17, 24, 47]",28.59304714489919
160,"[0, 13, 17, 24, 47]",28.803556466112674
161,"[0, 16, 24, 36, 47]",26.24864864536703
162,"[0, 16, 24, 36, 47]",22.768479609447066
163,"[0, 12, 16, 24, 47]",28.088451179531432
164,"[0, 12, 16, 24, 47]",31.69297645205359
165,"[0, 16, 24, 42, 46]",33.50077277123217
166,"[4, 12, 24, 36, 43]",31.348388673436734
167,"[8, 24, 36, 42, 46]",31.384963822564142
168,"[8, 24, 36, 42, 46]",31.451790015627324
