switches,max_line_loading
"[0, 16, 24, 46, 47]",21.878869387150647
"[0, 16, 24, 46, 47]",22.415947556211798
"[0, 16, 24, 46, 47]",21.962222797751405
"[4, 16, 24, 46, 47]",21.826532001961834
"[0, 16, 24, 46, 47]",22.09983790121892
"[0, 16, 24, 35, 47]",19.55461980440906
"[0, 12, 24, 36, 47]",23.267995138773962
"[3, 12, 20, 24, 37]",26.980810313219738
"[6, 12, 24, 35, 43]",28.856582638693144
"[7, 24, 36, 42, 46]",30.12061374904425
"[8, 24, 36, 42, 46]",29.94429266006079
"[7, 12, 24, 32, 42]",33.057760215532866
"[6, 12, 24, 36, 44]",30.773119873201182
"[0, 12, 24, 36, 42]",32.77802221979701
"[0, 12, 16, 24, 42]",33.063862277314456
"[0, 16, 24, 46, 47]",32.23459950806393
"[0, 16, 24, 46, 47]",35.29597934620255
"[0, 16, 24, 46, 47]",32.53036797506606
"[0, 16, 24, 46, 47]",30.617561559361956
"[0, 16, 24, 46, 47]",23.67589959835324
"[0, 16, 24, 46, 47]",21.414983209655
"[3, 16, 24, 46, 47]",20.771873445539562
"[3, 16, 24, 46, 47]",20.184344252411154
"[3, 16, 24, 46, 47]",20.72883652144581
"[0, 16, 24, 46, 47]",20.730528967601703
"[0, 16, 24, 46, 47]",20.976933961366573
"[3, 16, 24, 46, 47]",20.391870753603524
"[3, 16, 24, 46, 47]",21.102646514002387
"[3, 16, 24, 46, 47]",21.00772697451893
"[0, 19, 24, 36, 47]",16.194589228846244
"[3, 12, 24, 34, 42]",15.734815076003883
"[8, 19, 24, 36, 43]",16.49660135821881
"[8, 15, 20, 24, 32]",21.39259795527456
"[8, 15, 20, 24, 32]",26.194677669895373
"[8, 15, 21, 24, 32]",27.557332394986943
"[8, 15, 20, 24, 32]",25.91337487417916
"[8, 15, 20, 24, 32]",21.368190911687748
"[8, 19, 24, 35, 42]",17.16569808308052
"[3, 12, 20, 24, 37]",17.528599900166995
"[0, 19, 24, 36, 47]",18.905331312006147
"[0, 16, 24, 36, 47]",22.8456253989714
"[0, 16, 24, 46, 47]",21.79802193257462
"[0, 16, 24, 46, 47]",21.238518649057287
"[0, 16, 24, 46, 47]",21.189653392340283
"[3, 16, 24, 46, 47]",20.34328942723132
"[3, 16, 24, 46, 47]",20.618545148540935
"[3, 16, 24, 46, 47]",20.72955335023665
"[3, 16, 24, 46, 47]",20.621122823756114
"[3, 16, 24, 46, 47]",21.072855480776123
"[0, 16, 24, 46, 47]",21.805731869363875
"[3, 16, 24, 46, 47]",21.032624293552797
"[0, 16, 24, 46, 47]",21.268353155061302
"[4, 16, 24, 46, 47]",21.59705638568224
"[0, 16, 24, 36, 47]",18.686896442512346
"[0, 19, 24, 36, 47]",18.451971775582145
"[0, 19, 24, 36, 47]",17.495307917195703
"[6, 12, 24, 36, 48]",15.875776145432818
"[8, 19, 20, 24, 32]",18.463360193486817
"[8, 14, 21, 24, 36]",28.477510043068992
"[8, 14, 24, 36, 48]",31.055880328622077
"[8, 15, 20, 24, 32]",26.712891281891782
"[8, 15, 20, 24, 32]",18.784549919428166
"[7, 24, 36, 42, 46]",15.213779120689045
"[0, 19, 24, 36, 47]",16.427505725754184
"[3, 16, 24, 36, 47]",17.626828896944495
"[3, 16, 24, 46, 47]",20.213643588137174
"[0, 16, 24, 46, 47]",21.577115881567615
"[0, 16, 24, 46, 47]",21.89598026182133
"[3, 16, 24, 46, 47]",21.680744715467263
"[0, 16, 24, 46, 47]",23.004667446526554
"[0, 16, 24, 46, 47]",23.1510026285413
"[0, 16, 24, 46, 47]",23.884884462816405
"[0, 16, 24, 46, 47]",24.162464889051574
"[0, 16, 24, 46, 47]",23.75681247655181
"[0, 16, 24, 46, 47]",23.22319215848809
"[0, 16, 24, 46, 47]",23.32011495496436
"[0, 16, 24, 36, 47]",27.193047377687986
"[0, 16, 24, 36, 47]",29.97933133880991
"[0, 12, 16, 24, 42]",32.590941868446244
"[0, 12, 16, 20, 24]",33.34589712142038
"[6, 12, 24, 35, 43]",31.673565312202435
"[7, 24, 33, 46, 47]",32.016564248505986
"[8, 24, 36, 42, 46]",32.5468579483867
"[7, 24, 33, 46, 47]",33.29937521980227
"[6, 24, 35, 46, 47]",32.20232386838917
"[3, 12, 20, 24, 37]",30.57806734456454
"[0, 12, 24, 36, 47]",29.636847147677493
"[0, 16, 24, 35, 47]",30.265982535782005
"[0, 16, 24, 36, 47]",32.94888737128372
"[0, 13, 17, 24, 47]",30.740773028940094
"[0, 16, 24, 46, 47]",24.45705515120064
"[0, 16, 24, 46, 47]",23.313940317042935
"[0, 16, 24, 46, 47]",22.647225653977983
"[4, 16, 24, 46, 47]",21.78447599909741
"[3, 16, 24, 46, 47]",21.808817620930146
"[4, 16, 24, 46, 47]",22.258003968289444
"[0, 16, 24, 46, 47]",22.49773676298836
"[0, 16, 24, 46, 47]",22.538392862566127
"[0, 16, 24, 46, 47]",22.824520951718192
"[0, 16, 24, 46, 47]",23.211996395388546
"[0, 16, 24, 36, 47]",27.304995296200662
"[0, 16, 24, 36, 47]",31.1122512136557
"[0, 12, 16, 24, 47]",31.637488627977806
"[0, 12, 24, 36, 47]",33.406748326076055
"[0, 12, 24, 35, 47]",34.726166752825215
"[0, 12, 16, 24, 42]",35.941349886136436
"[0, 16, 24, 36, 42]",37.12563340831543
"[0, 12, 16, 24, 47]",36.77313545136357
"[0, 16, 24, 36, 47]",36.15401506686217
"[0, 16, 24, 36, 47]",34.667129513728675
"[0, 16, 24, 36, 47]",34.34394353588554
"[0, 16, 24, 36, 47]",34.37357611230753
"[0, 13, 17, 24, 47]",34.17488982767814
"[0, 17, 24, 36, 47]",29.55315500046718
"[0, 16, 24, 36, 47]",26.460060941600467
"[0, 16, 24, 46, 47]",25.88223801624483
"[0, 16, 24, 46, 47]",22.856539684913756
"[0, 16, 24, 46, 47]",21.29497468083736
"[4, 16, 24, 46, 47]",21.300203459532057
"[3, 16, 24, 46, 47]",20.94672698249535
"[3, 16, 24, 46, 47]",20.976702700915105
"[0, 16, 24, 46, 47]",21.80276737001343
"[0, 16, 24, 46, 47]",25.142998673881618
"[0, 16, 24, 46, 47]",26.04581689216375
"[0, 13, 17, 24, 47]",30.24139478415177
"[0, 16, 24, 36, 47]",36.258178611051534
"[0, 16, 24, 36, 47]",32.5887943677698
"[0, 12, 16, 24, 47]",34.993944807155096
"[0, 12, 16, 24, 42]",36.06906267928269
"[0, 12, 16, 24, 42]",36.37895130049957
"[0, 12, 16, 24, 42]",36.77014910951952
"[0, 12, 16, 24, 47]",36.14033023197499
"[0, 16, 24, 36, 47]",35.19225335403263
"[0, 16, 24, 36, 47]",35.53383771383692
"[0, 16, 24, 36, 47]",33.96332894185939
"[0, 16, 24, 36, 47]",34.91874771000426
"[0, 13, 17, 24, 47]",36.4384819379116
"[0, 17, 24, 36, 47]",31.773143845949743
"[0, 16, 24, 36, 47]",26.150026847635242
"[0, 16, 24, 36, 47]",24.60764885455381
"[0, 16, 24, 46, 47]",23.933463929638496
"[0, 16, 24, 46, 47]",23.15488049155595
"[0, 16, 24, 46, 47]",23.819564514091912
"[0, 16, 24, 46, 47]",24.293852111177085
"[0, 16, 24, 46, 47]",25.160491721392443
"[0, 13, 17, 24, 47]",24.984338265846752
"[0, 16, 24, 46, 47]",26.194141943919373
"[0, 16, 24, 46, 47]",27.281875450410414
"[0, 13, 17, 24, 47]",29.869212142693367
"[0, 16, 24, 36, 47]",35.73362818254696
"[0, 16, 24, 36, 47]",34.7434696269775
"[0, 16, 24, 36, 47]",33.311483213396265
"[0, 16, 24, 36, 47]",34.3286105856433
"[0, 16, 24, 36, 47]",36.198956445191335
"[0, 16, 24, 36, 47]",37.163953865502705
"[0, 16, 24, 36, 47]",37.3839534800593
"[0, 16, 24, 36, 47]",35.02876209888991
"[0, 12, 16, 24, 47]",31.9927674943054
"[0, 16, 24, 36, 47]",33.27643855572055
"[0, 16, 24, 36, 47]",32.29066420002346
"[0, 16, 24, 36, 47]",35.33333178040425
"[0, 17, 24, 36, 47]",31.408050970649988
"[0, 16, 24, 36, 47]",25.932600231271397
"[0, 16, 24, 46, 47]",25.215114117867664
"[0, 16, 24, 46, 47]",23.709495138478527
"[0, 16, 24, 46, 47]",22.881476975981084
"[0, 16, 24, 46, 47]",23.464330064695186
"[0, 16, 24, 46, 47]",23.872049335243652
