switches,max_line_loading
"[4, 16, 24, 46, 47]",18.416423150042927
"[3, 16, 24, 46, 47]",19.100524567621463
"[3, 16, 24, 46, 47]",19.155610711196182
"[3, 16, 24, 46, 47]",18.92330516848953
"[3, 16, 24, 46, 47]",19.05414126462483
"[3, 16, 24, 46, 47]",19.00105061918606
"[3, 16, 24, 46, 47]",20.028378223990238
"[0, 16, 24, 46, 47]",21.915238526423273
"[0, 16, 24, 46, 47]",22.673228412718593
"[0, 16, 24, 36, 47]",22.85611011150409
"[0, 12, 16, 24, 42]",19.78889229702969
"[6, 12, 21, 24, 36]",16.35566784424008
"[7, 24, 36, 42, 46]",16.74029296230485
"[4, 12, 24, 36, 42]",16.930101417985025
"[1, 16, 24, 35, 47]",18.54953589590073
"[0, 17, 24, 33, 47]",24.521349362204393
"[0, 17, 24, 33, 47]",25.84434962529492
"[0, 16, 24, 46, 47]",23.376302191042342
"[0, 16, 24, 46, 47]",23.320051903651663
"[0, 16, 24, 46, 47]",22.709464556903804
"[4, 16, 24, 46, 47]",20.244694426106395
"[3, 16, 24, 46, 47]",19.414721391584003
"[5, 16, 24, 46, 47]",19.7942497174073
"[4, 16, 24, 46, 47]",20.033443839551783
"[0, 16, 24, 46, 47]",20.982841933728764
"[0, 16, 24, 46, 47]",20.983911098807464
"[0, 16, 24, 46, 47]",21.50559364367572
"[0, 16, 24, 46, 47]",20.68107994229271
"[0, 16, 24, 46, 47]",21.356485466809406
"[0, 16, 24, 46, 47]",21.30927579583748
"[0, 16, 24, 46, 47]",25.420129909876238
"[0, 17, 24, 36, 47]",32.30738055193744
"[0, 16, 24, 36, 47]",34.06905460143003
"[0, 16, 24, 36, 47]",30.343115491987255
"[0, 12, 16, 24, 42]",30.05189789187198
"[0, 12, 16, 24, 35]",29.434337350227423
"[0, 12, 16, 24, 36]",28.091938304060303
"[0, 12, 16, 24, 47]",28.440566128074916
"[0, 16, 24, 36, 47]",32.00107707699095
"[0, 17, 24, 36, 47]",39.12968876737965
"[0, 17, 24, 46, 47]",36.66719881184663
"[0, 17, 24, 36, 47]",33.89429328722894
"[1, 17, 24, 36, 47]",30.548516547622285
"[0, 17, 24, 36, 47]",28.248949537368144
"[0, 16, 24, 46, 47]",23.476164414337127
"[0, 16, 24, 46, 47]",22.62087362994602
"[0, 16, 24, 46, 47]",21.460650625302844
"[0, 16, 24, 46, 47]",20.69117576284139
"[0, 16, 24, 46, 47]",21.088199398010406
"[0, 16, 24, 46, 47]",21.36539541251666
"[0, 16, 24, 46, 47]",22.160753450054422
"[0, 16, 24, 46, 47]",22.024886589332866
"[0, 16, 24, 46, 47]",21.972871006178693
"[0, 16, 24, 46, 47]",22.772813803086773
"[0, 16, 24, 46, 47]",25.44484584695211
"[0, 17, 24, 46, 47]",33.54615589991786
"[0, 13, 17, 24, 47]",37.57163400167147
"[0, 16, 24, 36, 47]",35.82155325378469
"[0, 16, 24, 36, 47]",31.805482539707082
"[0, 12, 16, 24, 47]",30.509664596616204
"[0, 16, 24, 36, 47]",29.922964227049487
"[0, 16, 24, 36, 47]",33.33543896871363
"[0, 16, 24, 36, 47]",38.92510119348421
"[0, 17, 24, 35, 47]",39.14948170275971
"[0, 17, 24, 36, 47]",38.71798459438548
"[0, 17, 24, 46, 47]",36.96878920460401
"[1, 17, 24, 36, 47]",31.4047048174549
"[1, 17, 24, 36, 47]",27.219246998546552
"[0, 13, 17, 24, 47]",24.812585822593526
"[0, 13, 17, 24, 47]",24.547172583442737
"[0, 16, 24, 46, 47]",23.73073961001826
"[0, 16, 24, 46, 47]",22.780700980331382
"[0, 16, 24, 46, 47]",23.01674795248732
"[0, 16, 24, 46, 47]",22.498691510339626
"[0, 16, 24, 46, 47]",22.47498072726468
"[0, 16, 24, 46, 47]",22.122555993546996
"[0, 16, 24, 46, 47]",22.561038859124853
"[0, 16, 24, 46, 47]",22.612382395273954
"[0, 16, 24, 46, 47]",25.94397001809839
"[0, 17, 24, 36, 47]",34.6093570603332
"[0, 17, 24, 35, 47]",37.89934742198866
"[0, 16, 24, 36, 47]",35.070958422158164
"[0, 16, 24, 36, 47]",34.48567860075811
"[0, 16, 24, 36, 47]",34.63277384935798
"[0, 16, 24, 36, 47]",36.14782581134602
"[0, 17, 24, 35, 47]",38.532934631985356
"[0, 17, 24, 36, 47]",39.883784104042576
"[0, 17, 24, 36, 47]",38.36756693651861
"[0, 17, 24, 36, 47]",35.00935814334164
"[0, 17, 24, 36, 47]",33.1261515626554
"[0, 16, 24, 46, 47]",29.80891469297659
"[0, 16, 24, 46, 47]",28.309082533645096
"[0, 16, 24, 46, 47]",21.838699871679214
"[5, 16, 24, 46, 47]",20.026107232677635
"[3, 16, 24, 46, 47]",19.703943863736253
"[4, 16, 24, 46, 47]",19.108387154992563
"[3, 16, 24, 46, 47]",18.970442394118106
"[3, 16, 24, 46, 47]",18.877935262010052
"[3, 16, 24, 46, 47]",19.42388475647511
"[3, 16, 24, 46, 47]",19.39531342558462
"[3, 16, 24, 46, 47]",19.336262593332183
"[3, 16, 24, 46, 47]",19.2463460542854
"[5, 16, 24, 46, 47]",20.735974420052074
"[4, 16, 24, 46, 47]",21.22885049878129
"[5, 16, 24, 46, 47]",20.22108890404921
"[0, 16, 24, 35, 47]",21.318145232630293
"[0, 12, 16, 24, 47]",21.773589987732723
"[1, 12, 16, 24, 47]",19.828276845345
"[1, 12, 16, 24, 47]",19.062967800181045
"[4, 16, 24, 35, 47]",19.501592706743605
"[0, 16, 24, 46, 47]",20.4652730007759
"[0, 16, 24, 46, 47]",20.858797714147844
"[0, 16, 24, 46, 47]",20.734814088973803
"[0, 16, 24, 46, 47]",20.762285905092398
"[3, 16, 24, 46, 47]",19.369814307871593
"[4, 16, 24, 46, 47]",19.618666539690885
"[4, 16, 24, 46, 47]",19.502025837934244
"[5, 16, 24, 46, 47]",19.7571626358584
"[4, 16, 24, 46, 47]",19.831168844741363
"[5, 16, 24, 46, 47]",19.68133202537322
"[4, 16, 24, 46, 47]",19.584922171940942
"[3, 16, 24, 46, 47]",19.554543086297116
"[4, 16, 24, 46, 47]",20.164703145400072
"[3, 16, 24, 46, 47]",19.075243454821297
"[3, 16, 24, 46, 47]",19.038817694895343
"[3, 16, 24, 46, 47]",19.266610020032026
"[4, 16, 24, 46, 47]",19.128442150748555
"[4, 16, 24, 46, 47]",20.004046628768197
"[4, 16, 24, 46, 47]",19.358352615565096
"[1, 13, 16, 24, 47]",19.3683418033013
"[0, 19, 24, 36, 47]",17.670171854699806
"[0, 19, 24, 36, 47]",16.942308477897186
"[0, 19, 24, 36, 47]",17.158656936883574
"[0, 19, 24, 36, 47]",18.1212753745064
"[0, 16, 24, 35, 47]",20.486334747529813
"[5, 16, 24, 46, 47]",20.143704164486927
"[5, 16, 24, 46, 47]",19.506510657906226
"[4, 16, 24, 46, 47]",19.542218221319168
"[4, 16, 24, 46, 47]",19.35372471756075
"[0, 16, 24, 46, 47]",20.47604117484897
"[0, 16, 24, 46, 47]",20.67939439911297
"[4, 16, 24, 46, 47]",19.482033904235884
"[4, 16, 24, 46, 47]",19.961517873855154
"[3, 16, 24, 46, 47]",19.642270299267356
"[4, 16, 24, 46, 47]",20.295382063493452
"[4, 16, 24, 46, 47]",20.703365794841076
"[0, 16, 24, 46, 47]",21.66601686648671
"[0, 16, 24, 46, 47]",21.992508267516808
"[0, 16, 24, 46, 47]",22.538886067231132
"[0, 16, 24, 46, 47]",23.28379486865733
"[0, 16, 24, 46, 47]",26.2183175358578
"[0, 13, 17, 24, 47]",35.45795445634321
"[0, 17, 24, 35, 47]",39.397024655426115
"[0, 17, 24, 35, 47]",44.05000529104886
"[0, 13, 17, 24, 47]",46.74813778546887
"[0, 13, 17, 24, 47]",46.87210857386208
"[0, 17, 24, 35, 47]",47.21182806670468
"[0, 17, 24, 36, 47]",45.57372847280629
"[0, 17, 24, 36, 47]",45.57889034684812
"[0, 17, 24, 36, 47]",44.014341444309466
"[0, 17, 24, 46, 47]",42.658178065211224
"[0, 13, 17, 24, 47]",39.72205102266351
"[0, 13, 17, 24, 47]",34.953745516670736
"[0, 16, 24, 46, 47]",31.241907534040635
"[0, 16, 24, 46, 47]",20.918503023012374
"[0, 16, 24, 46, 47]",20.04229322449257
"[3, 16, 24, 46, 47]",19.595619884014514
"[3, 16, 24, 46, 47]",18.72961214001349
