,switches,max_line_loading
1,"[0, 16, 24, 36, 47]",36.850481238738666
2,"[0, 16, 24, 36, 47]",34.4878494430486
3,"[0, 16, 24, 36, 42]",35.287404284475805
4,"[0, 16, 24, 33, 47]",36.743686672256146
5,"[0, 16, 24, 36, 42]",37.51291409443287
6,"[0, 16, 24, 36, 42]",38.72744113916916
7,"[0, 16, 24, 46, 47]",38.65451760840378
8,"[0, 16, 24, 36, 47]",38.178397533432516
9,"[0, 16, 24, 36, 47]",36.70122542882771
10,"[0, 16, 24, 36, 47]",36.6615380585939
11,"[0, 16, 24, 36, 47]",36.570777544420494
12,"[0, 17, 24, 36, 47]",36.24226373379006
13,"[0, 17, 24, 36, 47]",31.854366697666563
14,"[0, 13, 17, 24, 47]",30.95537047197331
15,"[0, 16, 24, 36, 47]",31.48846877572456
16,"[0, 13, 17, 24, 47]",28.483160927848967
17,"[0, 13, 17, 24, 47]",26.988481248695123
18,"[0, 13, 17, 24, 47]",27.05318401271975
19,"[0, 13, 17, 24, 47]",27.256941134240968
20,"[0, 13, 17, 24, 47]",27.162889123507345
21,"[0, 17, 24, 35, 47]",27.713160382543816
22,"[0, 17, 24, 36, 47]",29.518797755847825
23,"[0, 17, 24, 36, 47]",30.72737965593941
24,"[0, 17, 24, 36, 47]",33.905650269955956
25,"[0, 17, 24, 35, 47]",40.22996354202615
26,"[0, 16, 24, 36, 47]",37.679483997078606
27,"[0, 12, 16, 24, 47]",39.165375600202665
28,"[0, 16, 24, 34, 47]",39.50364413162202
29,"[0, 16, 24, 33, 47]",38.857014431092495
30,"[0, 16, 24, 35, 47]",39.07408176715658
31,"[0, 12, 16, 24, 47]",38.58285694856809
32,"[0, 16, 24, 36, 47]",38.190757331657196
33,"[0, 16, 24, 36, 47]",38.66947602390971
34,"[0, 16, 24, 36, 47]",36.650710808817735
35,"[0, 16, 24, 36, 47]",38.65247607941366
36,"[0, 17, 24, 36, 47]",39.4408127475919
37,"[0, 17, 24, 36, 47]",35.12471049393481
38,"[0, 17, 24, 36, 47]",30.32063572783068
39,"[0, 17, 24, 36, 47]",28.67300476925172
40,"[0, 17, 24, 36, 47]",28.065729890427633
41,"[0, 17, 24, 46, 47]",27.789963457101834
42,"[0, 17, 24, 36, 47]",28.870352658115028
43,"[0, 17, 24, 36, 47]",30.0073539956726
44,"[0, 17, 24, 36, 47]",29.89011461618396
45,"[0, 17, 24, 36, 47]",29.123307797977354
46,"[0, 17, 24, 36, 47]",30.51864451329214
47,"[0, 17, 24, 36, 47]",32.41908676968714
48,"[0, 17, 24, 46, 47]",33.96820774795293
49,"[0, 17, 24, 36, 47]",40.4145422340353
50,"[0, 16, 24, 36, 47]",41.02363351854857
51,"[0, 16, 24, 36, 47]",38.89325063835408
52,"[0, 16, 24, 36, 47]",38.53548922518612
53,"[0, 16, 24, 36, 47]",39.98142047530971
54,"[0, 16, 24, 36, 47]",40.87792767602618
55,"[0, 16, 24, 36, 47]",41.05795171531721
56,"[0, 16, 24, 36, 47]",38.0723806061709
57,"[0, 16, 24, 36, 47]",39.640116539221495
58,"[0, 16, 24, 36, 47]",37.31971445374703
59,"[0, 16, 24, 36, 47]",35.81024116353367
60,"[0, 17, 24, 35, 47]",38.532815700420635
61,"[0, 17, 24, 36, 47]",34.88367795053039
62,"[0, 17, 24, 36, 47]",30.303529748936324
63,"[0, 17, 24, 36, 47]",29.54152193912628
64,"[0, 17, 24, 36, 47]",28.86675444654348
65,"[0, 17, 24, 36, 47]",28.579477879504296
66,"[0, 17, 24, 35, 47]",29.688457984883076
67,"[0, 17, 24, 35, 47]",29.749538160391776
68,"[0, 17, 24, 36, 47]",30.369060356464782
69,"[0, 17, 24, 36, 47]",29.647034888441716
70,"[0, 17, 24, 36, 47]",30.736858527161576
71,"[0, 17, 24, 36, 47]",31.783050231122278
72,"[0, 17, 24, 36, 47]",33.907480614111144
73,"[0, 16, 24, 36, 47]",35.936909564495636
74,"[0, 12, 16, 24, 47]",33.67836333345873
75,"[0, 12, 16, 24, 36]",33.324405166137474
76,"[4, 12, 24, 36, 44]",32.72371496386742
77,"[6, 16, 24, 33, 42]",34.730436262605316
78,"[7, 16, 24, 33, 42]",35.0710230135968
79,"[7, 13, 16, 24, 36]",34.878681442738944
80,"[7, 12, 24, 35, 44]",31.520737257122118
81,"[0, 12, 20, 24, 37]",30.103583340397076
82,"[0, 12, 16, 24, 42]",31.12243694569697
83,"[0, 16, 24, 36, 47]",31.158749112135524
84,"[0, 13, 17, 24, 47]",37.298140753051115
85,"[0, 17, 24, 36, 47]",32.70022562193636
86,"[0, 13, 17, 24, 47]",28.317485479228466
87,"[0, 13, 17, 24, 47]",27.58525826844542
88,"[0, 13, 17, 24, 47]",27.40270458293688
89,"[0, 13, 17, 24, 47]",27.531753771301464
90,"[0, 13, 17, 24, 47]",28.46151410334865
91,"[0, 13, 17, 24, 47]",29.07823085544808
92,"[0, 13, 17, 24, 47]",28.64891106113094
93,"[0, 13, 17, 24, 47]",27.729920048947665
94,"[0, 13, 17, 24, 47]",27.820035054539638
95,"[0, 13, 17, 24, 47]",27.73374949974298
96,"[0, 13, 17, 24, 47]",27.699584198557947
97,"[0, 16, 24, 36, 47]",25.180170294872
98,"[0, 16, 24, 36, 47]",22.18448132823269
99,"[0, 12, 16, 24, 42]",21.424468339781537
100,"[7, 24, 36, 42, 46]",18.00248820567352
101,"[6, 24, 36, 42, 46]",18.330474945660395
102,"[0, 12, 24, 36, 42]",19.458420844863447
103,"[0, 12, 24, 36, 42]",21.18666666040667
104,"[6, 12, 24, 36, 37]",19.360297038974885
105,"[0, 19, 24, 36, 42]",20.18215721399066
106,"[0, 19, 24, 36, 47]",20.5099811704678
107,"[0, 16, 24, 35, 47]",22.176373830169503
108,"[0, 16, 24, 36, 47]",23.4851590750707
109,"[0, 16, 24, 36, 47]",27.618523299018644
110,"[0, 13, 17, 24, 47]",27.95699007049083
111,"[0, 13, 17, 24, 47]",26.69525017631055
112,"[0, 13, 17, 24, 47]",26.658459653295495
113,"[0, 13, 17, 24, 47]",26.615600496157306
114,"[0, 13, 17, 24, 47]",27.554814638708073
115,"[0, 13, 17, 24, 47]",27.498626505348124
116,"[0, 13, 17, 24, 47]",26.98209695646635
117,"[0, 13, 17, 24, 47]",26.710290120750695
118,"[0, 13, 17, 24, 47]",26.919034879063187
119,"[0, 17, 24, 35, 47]",27.03099546435834
120,"[0, 17, 24, 46, 47]",27.05239166600444
121,"[0, 16, 24, 36, 47]",21.351193588479262
122,"[0, 12, 24, 36, 42]",18.460456313117096
123,"[8, 19, 24, 35, 42]",18.21470774692331
124,"[8, 15, 20, 24, 32]",23.16063129841913
125,"[8, 15, 20, 24, 32]",28.28658141681361
126,"[8, 15, 20, 24, 32]",31.446787730634945
127,"[8, 15, 20, 24, 32]",29.544713685131452
128,"[8, 15, 20, 24, 32]",24.665446642097937
129,"[8, 24, 35, 42, 46]",18.15955092361536
130,"[3, 12, 24, 34, 42]",17.844310129651458
131,"[0, 12, 19, 24, 47]",22.781768512064488
132,"[0, 16, 24, 36, 47]",24.338503071276797
133,"[0, 16, 24, 46, 47]",26.94400841639987
134,"[0, 16, 24, 46, 47]",27.27820785997721
135,"[0, 16, 24, 46, 47]",26.958238217144764
136,"[0, 16, 24, 46, 47]",27.25708828036446
137,"[0, 16, 24, 36, 47]",27.845516645401393
138,"[0, 16, 24, 36, 47]",28.146498185768014
139,"[0, 13, 17, 24, 47]",27.885257374673543
140,"[0, 13, 17, 24, 47]",28.503855311882624
141,"[0, 17, 24, 35, 47]",27.34386502081557
142,"[0, 13, 17, 24, 47]",29.712614133543696
143,"[0, 13, 17, 24, 47]",29.89949375533214
144,"[0, 17, 24, 35, 47]",31.197489135772305
145,"[0, 16, 24, 36, 47]",30.425677001214225
146,"[0, 12, 16, 24, 42]",31.30996342245694
147,"[0, 12, 16, 24, 34]",32.81768922126731
148,"[3, 12, 24, 33, 42]",31.73483200903957
149,"[4, 12, 24, 36, 43]",34.81209103087807
150,"[6, 12, 24, 33, 37]",35.56668545728272
151,"[4, 12, 24, 33, 42]",33.956743460814195
152,"[0, 12, 20, 24, 37]",34.54453510769259
153,"[0, 12, 24, 33, 47]",36.05269264676221
154,"[0, 12, 16, 24, 42]",35.948790336261276
155,"[0, 16, 24, 46, 47]",36.10911416265613
156,"[0, 16, 24, 36, 47]",37.31838986537809
157,"[0, 13, 17, 24, 47]",38.212254964259024
158,"[0, 16, 24, 36, 47]",33.1686730550489
159,"[0, 16, 24, 36, 47]",31.48161226518424
160,"[0, 16, 24, 46, 47]",29.79037361379881
161,"[0, 16, 24, 36, 47]",29.030998246214264
162,"[0, 13, 17, 24, 47]",27.922135079350063
163,"[0, 13, 17, 24, 47]",28.222602850659502
164,"[0, 13, 17, 24, 47]",28.184429266227845
165,"[0, 17, 24, 35, 47]",27.39609956841346
166,"[0, 13, 17, 24, 47]",29.360736711362634
167,"[0, 17, 24, 36, 47]",29.821685676972848
168,"[0, 17, 24, 36, 47]",32.368576919421194
