,switches,max_line_loading
1,"[0, 16, 24, 46, 47]",25.49662141475892
2,"[0, 16, 24, 46, 47]",26.03985187538208
3,"[0, 16, 24, 46, 47]",25.741844008336205
4,"[0, 16, 24, 46, 47]",25.883123950521664
5,"[0, 16, 24, 46, 47]",25.97254442237694
6,"[0, 16, 24, 46, 47]",25.821891747894277
7,"[0, 13, 17, 24, 47]",25.94033116114763
8,"[0, 17, 24, 46, 47]",27.25023948123622
9,"[0, 13, 17, 24, 47]",27.584435417132724
10,"[0, 16, 24, 36, 47]",27.76170839257892
11,"[0, 16, 24, 36, 42]",21.835621309107538
12,"[6, 12, 20, 24, 37]",19.606352369956127
13,"[6, 12, 24, 36, 48]",18.896371097966938
14,"[0, 12, 24, 36, 47]",20.21726904915232
15,"[0, 16, 24, 36, 47]",21.339987350849654
16,"[0, 17, 24, 36, 47]",27.7112628711716
17,"[0, 17, 24, 35, 47]",29.15558839649534
18,"[0, 13, 17, 24, 47]",30.45343562729863
19,"[0, 13, 17, 24, 47]",29.632932592716095
20,"[0, 17, 24, 36, 47]",27.69574700746097
21,"[0, 13, 17, 24, 47]",27.53954317206389
22,"[0, 13, 17, 24, 47]",27.287733208687243
23,"[0, 17, 24, 46, 47]",27.79354972561886
24,"[0, 13, 17, 24, 47]",27.649321190987884
25,"[0, 13, 17, 24, 47]",28.10240562446434
26,"[0, 16, 24, 46, 47]",29.396391315977873
27,"[0, 13, 17, 24, 47]",29.291063813071062
28,"[0, 13, 17, 24, 47]",27.899091688344946
29,"[0, 13, 17, 24, 47]",28.52704310928635
30,"[0, 13, 17, 24, 47]",30.265793341798307
31,"[0, 17, 24, 46, 47]",31.150055653205705
32,"[1, 17, 24, 36, 47]",36.300743041860535
33,"[0, 16, 24, 36, 47]",41.055115672106645
34,"[0, 16, 24, 36, 47]",34.793003855676794
35,"[0, 12, 16, 24, 47]",33.53481472919753
36,"[0, 12, 16, 24, 42]",31.860688053361308
37,"[0, 16, 24, 36, 47]",31.689435941318578
38,"[0, 16, 24, 36, 47]",31.51750676016466
39,"[0, 16, 24, 36, 47]",37.943460973850996
40,"[0, 17, 24, 36, 47]",43.08652747600591
41,"[1, 17, 24, 36, 47]",40.816661924244244
42,"[2, 17, 24, 36, 47]",38.167108264673566
43,"[2, 17, 24, 36, 47]",35.84814935664596
44,"[1, 17, 24, 36, 47]",32.895507670865584
45,"[0, 13, 17, 24, 47]",32.52980502305841
46,"[0, 17, 24, 46, 47]",30.18261672973532
47,"[0, 17, 24, 36, 47]",28.43441435614047
48,"[0, 13, 17, 24, 47]",28.439212022066148
49,"[0, 13, 17, 24, 47]",28.555923270755535
50,"[0, 17, 24, 36, 47]",28.449227258640548
51,"[0, 17, 24, 36, 47]",28.605812234521338
52,"[0, 13, 17, 24, 47]",29.791806782821084
53,"[0, 13, 17, 24, 47]",31.507479663136856
54,"[0, 13, 17, 24, 47]",31.996835949622426
55,"[0, 17, 24, 36, 47]",31.144548700268775
56,"[1, 17, 24, 36, 47]",37.799612676269085
57,"[0, 17, 24, 36, 47]",41.61998201262216
58,"[0, 16, 24, 36, 47]",42.22621980468352
59,"[0, 16, 24, 36, 47]",36.44651596180411
60,"[0, 16, 24, 36, 47]",33.459804408457636
61,"[0, 16, 24, 36, 47]",33.68752533916137
62,"[0, 16, 24, 36, 47]",39.091242522833184
63,"[0, 17, 24, 35, 47]",43.18667189583073
64,"[0, 17, 24, 36, 47]",43.00645354613315
65,"[0, 17, 24, 36, 47]",42.698634078809164
66,"[0, 17, 24, 36, 47]",40.98958143412993
67,"[2, 17, 24, 36, 47]",36.73599345750747
68,"[2, 17, 24, 36, 47]",33.05840940474013
69,"[0, 17, 24, 36, 47]",29.028467047709434
70,"[0, 17, 24, 36, 47]",28.79042461579054
71,"[0, 17, 24, 36, 47]",29.170041052846162
72,"[0, 13, 17, 24, 47]",30.311559029013868
73,"[0, 17, 24, 36, 47]",29.51131214913627
74,"[0, 17, 24, 36, 47]",28.515008187072578
75,"[0, 17, 24, 36, 47]",28.443056428784843
76,"[0, 17, 24, 36, 47]",28.51553160029451
77,"[0, 17, 24, 36, 47]",28.407390758780725
78,"[0, 17, 24, 36, 47]",28.620573678471583
79,"[0, 17, 24, 36, 47]",30.5369839601666
80,"[0, 17, 24, 36, 47]",38.65569527984981
81,"[0, 17, 24, 36, 47]",41.81547602841648
82,"[0, 17, 24, 35, 47]",41.576036589738976
83,"[0, 16, 24, 36, 47]",40.598731058449125
84,"[0, 16, 24, 36, 47]",40.598598184398874
85,"[0, 17, 24, 35, 47]",40.684735875883916
86,"[0, 17, 24, 36, 47]",41.96313814856748
87,"[0, 17, 24, 36, 47]",43.37166870515546
88,"[0, 17, 24, 36, 47]",41.9020164704197
89,"[0, 17, 24, 36, 47]",38.89248518440852
90,"[0, 17, 24, 36, 47]",36.60537492789069
91,"[0, 17, 24, 36, 47]",33.62751294586849
92,"[0, 17, 24, 36, 47]",33.08010249382252
93,"[0, 16, 24, 46, 47]",29.922664070783693
94,"[0, 13, 17, 24, 47]",27.28016516551806
95,"[0, 13, 17, 24, 47]",27.063693773241788
96,"[0, 13, 17, 24, 47]",27.03365458361394
97,"[0, 17, 24, 46, 47]",26.860385452522756
98,"[0, 16, 24, 46, 47]",26.83414018425079
99,"[0, 16, 24, 46, 47]",27.330749229074314
100,"[0, 16, 24, 46, 47]",26.952527042863277
101,"[0, 16, 24, 46, 47]",27.105720828083097
102,"[0, 13, 17, 24, 47]",26.727362818519406
103,"[0, 13, 17, 24, 47]",26.64597917188292
104,"[0, 13, 17, 24, 47]",28.246421565896828
105,"[0, 16, 24, 36, 47]",27.417100787805822
106,"[0, 16, 24, 36, 47]",24.11766581239999
107,"[0, 16, 24, 36, 47]",24.131088833416086
108,"[0, 16, 24, 36, 47]",22.137000851657323
109,"[0, 16, 24, 36, 47]",21.363824263751084
110,"[0, 16, 24, 36, 47]",22.099097800947177
111,"[0, 16, 24, 46, 47]",25.586881902908683
112,"[0, 16, 24, 46, 47]",27.471600297979936
113,"[0, 16, 24, 46, 47]",28.10591585752406
114,"[0, 16, 24, 46, 47]",28.154079009101263
115,"[0, 16, 24, 46, 47]",27.314669598806056
116,"[0, 13, 17, 24, 47]",27.14022886119348
117,"[0, 13, 17, 24, 47]",27.044295998898704
118,"[0, 13, 17, 24, 47]",27.650403063780786
119,"[0, 16, 24, 46, 47]",27.884839940846028
120,"[0, 16, 24, 46, 47]",27.843695430818133
121,"[0, 13, 17, 24, 47]",26.71054633024904
122,"[0, 13, 17, 24, 47]",26.93895120697465
123,"[0, 17, 24, 46, 47]",27.37850109300951
124,"[0, 13, 17, 24, 47]",27.31804443781314
125,"[0, 13, 17, 24, 47]",27.382296538699237
126,"[0, 13, 17, 24, 47]",27.43829550880252
127,"[0, 13, 17, 24, 47]",27.16199331839903
128,"[0, 16, 24, 46, 47]",29.095193954869696
129,"[0, 16, 24, 36, 47]",26.966674656895133
130,"[0, 16, 24, 36, 47]",22.050561189960938
131,"[0, 12, 16, 24, 47]",21.46087371028554
132,"[1, 16, 24, 36, 42]",20.37758594747161
133,"[0, 12, 16, 24, 42]",20.13284904701219
134,"[0, 12, 16, 24, 47]",21.459494570640818
135,"[0, 16, 24, 36, 47]",24.071186849167013
136,"[0, 16, 24, 46, 47]",28.599058669428562
137,"[0, 13, 17, 24, 47]",28.043494066930087
138,"[0, 13, 17, 24, 47]",28.337822913967514
139,"[0, 13, 17, 24, 47]",28.09760961543922
140,"[0, 16, 24, 46, 47]",29.317514107618127
141,"[0, 16, 24, 46, 47]",29.563111070434385
142,"[0, 13, 17, 24, 47]",28.559933576492668
143,"[0, 13, 17, 24, 47]",28.53529451349098
144,"[0, 13, 17, 24, 47]",28.50555669519889
145,"[0, 13, 17, 24, 47]",28.366421911730775
146,"[0, 13, 17, 24, 47]",28.441031852376174
147,"[0, 13, 17, 24, 47]",28.621454082063448
148,"[0, 13, 17, 24, 47]",28.974617408714742
149,"[0, 13, 17, 24, 47]",30.734319223939536
150,"[0, 16, 24, 46, 47]",31.9418059386198
151,"[0, 17, 24, 35, 47]",31.332436836002163
152,"[0, 17, 24, 36, 47]",38.93428715997817
153,"[0, 17, 24, 36, 47]",42.72595473561563
154,"[0, 17, 24, 36, 47]",47.241406818433894
155,"[0, 17, 24, 36, 47]",49.836492682685375
156,"[0, 17, 24, 36, 47]",49.88133648583742
157,"[0, 17, 24, 36, 47]",50.15716231049646
158,"[0, 17, 24, 36, 47]",48.477842845069326
159,"[0, 17, 24, 36, 47]",48.517984247299204
160,"[0, 17, 24, 36, 47]",47.03134592494645
161,"[0, 17, 24, 36, 47]",45.65749041623606
162,"[0, 17, 24, 36, 47]",42.701474451868144
163,"[0, 17, 24, 36, 47]",37.878890344354595
164,"[0, 17, 24, 36, 47]",34.37348884396654
165,"[0, 16, 24, 46, 47]",27.383984578091354
166,"[0, 16, 24, 46, 47]",26.348220833048465
167,"[0, 16, 24, 46, 47]",25.920394536499703
168,"[0, 16, 24, 46, 47]",25.245636274343237
