,switches,max_line_loading
1,"[0, 13, 17, 24, 47]",35.156202110907834
2,"[0, 16, 24, 36, 47]",29.08461316236449
3,"[0, 16, 24, 46, 47]",27.888746267272268
4,"[0, 16, 24, 46, 47]",26.429530145232892
5,"[0, 16, 24, 46, 47]",26.814555404105437
6,"[0, 16, 24, 46, 47]",27.414751279218724
7,"[0, 16, 24, 36, 47]",27.54699290875357
8,"[0, 16, 24, 46, 47]",27.2405160876213
9,"[0, 16, 24, 46, 47]",27.32830791203597
10,"[0, 16, 24, 46, 47]",27.580571846227414
11,"[0, 16, 24, 36, 47]",29.595583953576508
12,"[0, 13, 17, 24, 47]",31.897700823977605
13,"[0, 16, 24, 36, 47]",37.84215483891802
14,"[0, 12, 16, 24, 47]",33.19913699581271
15,"[0, 12, 16, 24, 42]",35.38109398167553
16,"[0, 12, 16, 24, 35]",36.44278949854446
17,"[0, 12, 16, 20, 24]",34.92381642733739
18,"[0, 12, 16, 20, 24]",34.508103897366404
19,"[0, 12, 16, 24, 35]",36.13698444174349
20,"[0, 12, 16, 24, 42]",36.89617515356774
21,"[0, 12, 16, 24, 47]",36.2125618219033
22,"[0, 16, 24, 36, 47]",33.0282050719892
23,"[0, 16, 24, 36, 47]",38.82345747194089
24,"[0, 13, 17, 24, 47]",36.89075137527224
25,"[0, 13, 17, 24, 47]",35.90927342622084
26,"[0, 16, 24, 36, 47]",28.304884374921365
27,"[0, 16, 24, 36, 47]",26.11788893046314
28,"[0, 16, 24, 36, 47]",25.805643402028338
29,"[0, 16, 24, 36, 47]",25.717784397799154
30,"[0, 16, 24, 46, 47]",26.865790202556518
31,"[0, 16, 24, 46, 47]",26.675866818253436
32,"[0, 16, 24, 46, 47]",27.014207626828252
33,"[0, 16, 24, 46, 47]",26.638475188059314
34,"[0, 16, 24, 46, 47]",26.52965600827013
35,"[0, 16, 24, 46, 47]",28.34909363012998
36,"[0, 16, 24, 36, 47]",31.002397615142453
37,"[0, 16, 24, 36, 47]",37.54071182073857
38,"[0, 16, 24, 36, 47]",32.75996821856863
39,"[0, 16, 24, 46, 47]",35.34502232985199
40,"[0, 12, 24, 36, 47]",36.35294091002517
41,"[0, 12, 24, 36, 42]",35.27012116868703
42,"[0, 12, 24, 34, 47]",35.77834409366683
43,"[0, 12, 24, 36, 47]",36.80897735642687
44,"[0, 12, 16, 24, 42]",35.81860605483991
45,"[0, 16, 24, 35, 47]",35.14699668105924
46,"[0, 16, 24, 36, 47]",35.20020483243644
47,"[0, 16, 24, 36, 47]",40.77864099974886
48,"[0, 13, 17, 24, 47]",37.6869271919456
49,"[0, 13, 17, 24, 47]",34.29082840772368
50,"[0, 16, 24, 36, 47]",28.408263656622314
51,"[0, 16, 24, 36, 47]",27.627302119230745
52,"[0, 16, 24, 36, 47]",27.121164367331307
53,"[0, 16, 24, 36, 47]",27.264369687071948
54,"[0, 16, 24, 36, 47]",27.841190274331172
55,"[0, 16, 24, 46, 47]",27.981387747939962
56,"[0, 16, 24, 46, 47]",28.37851134922147
57,"[0, 16, 24, 36, 47]",28.22845777982041
58,"[0, 16, 24, 36, 47]",28.158584574778022
59,"[0, 13, 17, 24, 47]",29.31677034271208
60,"[0, 13, 17, 24, 47]",30.381737378177842
61,"[0, 13, 17, 24, 47]",38.66076858123995
62,"[0, 16, 24, 36, 47]",43.18725780664508
63,"[0, 16, 24, 36, 47]",43.68490858233924
64,"[0, 16, 24, 36, 47]",40.45347833910178
65,"[0, 16, 24, 36, 47]",38.08395961438027
66,"[0, 16, 24, 35, 47]",38.564710384645096
67,"[0, 12, 16, 24, 47]",37.542650347344306
68,"[0, 16, 24, 46, 47]",35.663865976209905
69,"[0, 16, 24, 36, 47]",34.24026798682162
70,"[0, 16, 24, 36, 47]",33.446524093961095
71,"[0, 16, 24, 36, 47]",38.398983936995364
72,"[0, 16, 24, 46, 47]",35.73192401419468
73,"[0, 17, 24, 46, 47]",34.221774398144646
74,"[0, 16, 24, 36, 47]",26.8802926410944
75,"[0, 16, 24, 36, 47]",27.106887500758063
76,"[0, 16, 24, 36, 47]",27.063997573807804
77,"[0, 16, 24, 36, 47]",27.18898987296271
78,"[0, 16, 24, 46, 47]",27.78860272143359
79,"[0, 16, 24, 36, 47]",28.57892106171614
80,"[0, 16, 24, 46, 47]",28.71706020723791
81,"[0, 16, 24, 36, 47]",27.759212795504475
82,"[0, 16, 24, 36, 47]",27.8418529763507
83,"[0, 13, 17, 24, 47]",28.603229234864198
84,"[0, 16, 24, 36, 47]",28.293013532668716
85,"[0, 16, 24, 36, 47]",27.80735815664834
86,"[0, 16, 24, 36, 47]",22.977055077398035
87,"[0, 19, 24, 36, 47]",21.65685580475272
88,"[6, 12, 24, 33, 42]",18.20685524867728
89,"[8, 19, 24, 36, 48]",18.97309270249059
90,"[8, 15, 20, 24, 32]",26.245120599580112
91,"[8, 15, 20, 24, 32]",22.852187202158703
92,"[8, 24, 35, 42, 46]",18.452478343771208
93,"[6, 12, 24, 32, 42]",16.654820436709723
94,"[0, 19, 24, 36, 47]",19.25376485066144
95,"[0, 16, 24, 36, 47]",22.372501040327105
96,"[0, 16, 24, 46, 47]",25.81116356908603
97,"[0, 16, 24, 46, 47]",26.93159609803475
98,"[0, 16, 24, 36, 47]",26.32195699110914
99,"[0, 16, 24, 36, 47]",26.621508023678302
100,"[0, 16, 24, 36, 47]",26.621834215947043
101,"[0, 16, 24, 36, 47]",26.7576623380586
102,"[0, 16, 24, 36, 47]",27.737566200328885
103,"[0, 16, 24, 46, 47]",27.53768093062344
104,"[0, 16, 24, 36, 47]",28.420235006292028
105,"[0, 16, 24, 36, 47]",28.013137706672563
106,"[0, 16, 24, 36, 47]",28.007887068475046
107,"[0, 16, 24, 36, 47]",27.879667178360073
108,"[0, 13, 17, 24, 47]",27.940020444378494
109,"[0, 13, 17, 24, 47]",28.15306796865263
110,"[0, 16, 24, 36, 47]",27.150342516779563
111,"[0, 16, 24, 36, 47]",25.41626891973315
112,"[0, 16, 24, 36, 47]",23.35719708430566
113,"[1, 16, 24, 36, 47]",21.34522389491741
114,"[0, 16, 24, 36, 47]",21.564616972588052
115,"[0, 16, 24, 36, 47]",21.53989967833752
116,"[0, 16, 24, 36, 47]",21.69406479056165
117,"[0, 16, 24, 36, 47]",21.24752748877137
118,"[0, 16, 24, 36, 47]",25.006427230061202
119,"[0, 16, 24, 46, 47]",27.359294200488005
120,"[0, 16, 24, 46, 47]",27.950384936668453
121,"[0, 16, 24, 46, 47]",27.495086059813094
122,"[0, 16, 24, 46, 47]",27.58485415968796
123,"[0, 16, 24, 46, 47]",27.94086172541439
124,"[0, 16, 24, 36, 47]",28.270317132543816
125,"[0, 16, 24, 36, 47]",28.272678564793985
126,"[0, 16, 24, 46, 47]",28.431067659164956
127,"[0, 16, 24, 46, 47]",28.618186880591743
128,"[0, 16, 24, 46, 47]",29.32128132426876
129,"[0, 13, 17, 24, 47]",29.120479531380226
130,"[0, 16, 24, 36, 47]",29.414207114141362
131,"[0, 13, 17, 24, 47]",30.737741474664144
132,"[0, 17, 24, 35, 47]",31.39452551698072
133,"[0, 17, 24, 35, 47]",37.774893854440116
134,"[0, 16, 24, 36, 47]",39.36943176831621
135,"[0, 16, 24, 36, 47]",36.46804255251631
136,"[0, 16, 24, 36, 47]",38.70276675955769
137,"[0, 16, 24, 36, 47]",35.73242552030713
138,"[0, 16, 24, 36, 47]",36.069551686425065
139,"[0, 16, 24, 36, 47]",38.74341237273964
140,"[0, 16, 24, 36, 47]",42.50419669037607
141,"[0, 16, 24, 36, 47]",43.35741722978682
142,"[0, 16, 24, 36, 47]",41.25811595411382
143,"[0, 13, 17, 24, 47]",40.293583920568885
144,"[0, 13, 17, 24, 47]",37.26846888931533
145,"[0, 16, 24, 46, 47]",35.849055175931426
146,"[0, 16, 24, 36, 47]",29.139070989773934
147,"[0, 16, 24, 36, 47]",26.870402615472223
148,"[0, 16, 24, 46, 47]",26.118338433234566
149,"[0, 16, 24, 46, 47]",25.000081123195
150,"[0, 16, 24, 46, 47]",24.959729787098794
151,"[0, 16, 24, 46, 47]",25.770778516008754
152,"[0, 16, 24, 46, 47]",25.684332811139356
153,"[0, 16, 24, 46, 47]",24.913636355936518
154,"[0, 16, 24, 46, 47]",25.846793844096087
155,"[0, 16, 24, 46, 47]",27.398799864126545
156,"[0, 16, 24, 46, 47]",29.45888968573991
157,"[0, 16, 24, 46, 47]",37.85922319668511
158,"[0, 16, 24, 36, 47]",34.247331464510296
159,"[0, 16, 24, 46, 47]",35.54978295032863
160,"[0, 12, 16, 24, 35]",35.57471547726434
161,"[0, 12, 24, 36, 42]",34.80505639094224
162,"[0, 12, 24, 35, 42]",33.94469588481536
163,"[0, 12, 16, 24, 34]",37.40647924033936
164,"[0, 12, 16, 24, 36]",37.2330395256952
165,"[0, 12, 16, 24, 42]",35.3109234419099
166,"[0, 16, 24, 35, 47]",35.11395953346185
167,"[0, 16, 24, 36, 47]",36.414187251080264
168,"[0, 16, 24, 46, 47]",38.86118577826994
