switches,max_line_loading
"[0, 16, 24, 46, 47]",21.56040735988696
"[0, 16, 24, 46, 47]",21.134349791567146
"[0, 16, 24, 46, 47]",21.132485558440074
"[0, 16, 24, 46, 47]",21.368913299844593
"[0, 16, 24, 46, 47]",23.46342913608336
"[0, 16, 24, 46, 47]",26.23728682092666
"[0, 16, 24, 36, 47]",32.94017521619413
"[0, 12, 16, 24, 47]",31.45918491454589
"[0, 12, 24, 36, 47]",33.65127166933898
"[0, 12, 24, 34, 47]",34.26862673855706
"[0, 12, 24, 35, 42]",31.85856398262608
"[0, 12, 24, 35, 42]",32.20371698735923
"[0, 12, 24, 35, 47]",33.45624970728579
"[0, 12, 16, 24, 42]",35.64773038306425
"[0, 12, 16, 24, 47]",34.86434686852048
"[0, 16, 24, 36, 47]",31.44589713586908
"[0, 16, 24, 36, 47]",35.20718926562193
"[0, 16, 24, 46, 47]",33.335641551368475
"[0, 16, 24, 46, 47]",31.530958620754273
"[0, 16, 24, 46, 47]",24.169439236777002
"[0, 16, 24, 36, 47]",22.399069695489022
"[0, 16, 24, 46, 47]",21.60200646048809
"[0, 16, 24, 46, 47]",20.962660131868812
"[0, 16, 24, 46, 47]",21.875793482422587
"[0, 16, 24, 46, 47]",21.56383796569096
"[0, 16, 24, 46, 47]",21.862603773078046
"[0, 16, 24, 46, 47]",21.549743956991822
"[0, 16, 24, 46, 47]",21.52176090910956
"[0, 16, 24, 46, 47]",23.15287395202475
"[0, 16, 24, 46, 47]",25.877645655018167
"[0, 16, 24, 46, 47]",32.60491596729961
"[0, 16, 24, 36, 47]",31.291035097349567
"[0, 12, 16, 24, 47]",34.05231415027748
"[0, 12, 24, 36, 47]",34.34233623283481
"[0, 12, 24, 36, 42]",32.9844403421666
"[0, 12, 24, 36, 42]",34.24971650290037
"[0, 12, 24, 35, 47]",35.4121631589007
"[0, 12, 16, 24, 42]",34.93135336975959
"[0, 16, 24, 35, 47]",33.520225811742
"[0, 16, 24, 36, 47]",32.86428359866582
"[0, 16, 24, 36, 47]",37.70516466021556
"[0, 16, 24, 46, 47]",33.39574949025985
"[0, 16, 24, 46, 47]",30.90788123349845
"[0, 16, 24, 46, 47]",23.52169037177215
"[0, 16, 24, 46, 47]",22.87918845433782
"[0, 16, 24, 46, 47]",21.573913057439007
"[0, 16, 24, 46, 47]",21.314540246093827
"[0, 16, 24, 46, 47]",21.414044861009504
"[0, 16, 24, 46, 47]",21.264419323819254
"[0, 16, 24, 46, 47]",21.610038111221446
"[0, 16, 24, 46, 47]",21.475001349340545
"[0, 16, 24, 46, 47]",21.24134951226004
"[0, 16, 24, 46, 47]",23.11944821585502
"[0, 16, 24, 46, 47]",25.264921555164438
"[0, 16, 24, 46, 47]",34.37215156018182
"[0, 16, 24, 46, 47]",37.662272507401966
"[0, 16, 24, 36, 47]",38.98582944743116
"[0, 16, 24, 36, 47]",36.40100435862399
"[0, 16, 24, 36, 47]",36.69405806765606
"[0, 12, 16, 24, 47]",37.48399378648955
"[0, 12, 16, 24, 47]",36.65274023252762
"[0, 12, 16, 24, 47]",34.79846941767754
"[0, 16, 24, 35, 47]",33.33012609898204
"[0, 16, 24, 36, 47]",32.41129211884915
"[0, 16, 24, 36, 47]",35.540983800959374
"[0, 16, 24, 46, 47]",31.302534317771403
"[0, 16, 24, 46, 47]",29.732670585223037
"[0, 16, 24, 46, 47]",22.346787241546238
"[0, 16, 24, 46, 47]",22.15219991391239
"[0, 16, 24, 46, 47]",21.16943240799477
"[3, 16, 24, 46, 47]",20.74127445641295
"[0, 16, 24, 46, 47]",20.686577442596413
"[0, 16, 24, 46, 47]",21.48104345567171
"[0, 16, 24, 46, 47]",21.527994236591745
"[0, 16, 24, 46, 47]",20.77900114704352
"[0, 16, 24, 46, 47]",20.946128995460096
"[0, 16, 24, 46, 47]",21.937156215790278
"[0, 16, 24, 46, 47]",21.427991323127593
"[0, 16, 24, 46, 47]",20.97810121532525
"[0, 16, 24, 35, 47]",20.73390306693633
"[0, 19, 24, 36, 47]",17.768271722831436
"[6, 12, 24, 35, 44]",16.80622852888365
"[8, 19, 20, 24, 32]",19.141476202698797
"[8, 15, 20, 24, 32]",28.13681135059396
"[8, 15, 20, 24, 32]",24.516393250664407
"[8, 19, 24, 32, 42]",17.78710356068155
"[6, 13, 24, 36, 47]",16.292652395701673
"[0, 19, 24, 36, 47]",17.0765860152255
"[0, 16, 24, 36, 47]",20.700872954200513
"[0, 16, 24, 46, 47]",20.709841019633664
"[0, 16, 24, 46, 47]",21.029728096856914
"[3, 16, 24, 46, 47]",20.283820579491064
"[5, 16, 24, 46, 47]",20.61590892289019
"[4, 16, 24, 46, 47]",20.49711995436017
"[3, 16, 24, 46, 47]",20.629420907713044
"[0, 16, 24, 46, 47]",21.24625044373332
"[0, 16, 24, 46, 47]",20.617311079041617
"[0, 16, 24, 46, 47]",21.422044605556835
"[0, 16, 24, 46, 47]",21.194101394883017
"[0, 16, 24, 46, 47]",20.964401147846797
"[0, 16, 24, 46, 47]",20.714779418219955
"[0, 16, 24, 46, 47]",21.51710616999174
"[0, 16, 24, 46, 47]",22.50991059002054
"[0, 16, 24, 36, 47]",21.79220460584681
"[0, 16, 24, 36, 47]",20.23690692187276
"[0, 16, 24, 36, 47]",19.37704860807993
"[0, 16, 24, 36, 47]",19.259546669139414
"[0, 16, 24, 35, 47]",19.56504637518601
"[0, 12, 16, 24, 47]",19.61138930325647
"[0, 16, 24, 35, 47]",19.799278417696183
"[0, 16, 24, 36, 47]",19.256899995858653
"[0, 16, 24, 46, 47]",20.248148221494315
"[0, 16, 24, 46, 47]",21.289491811431958
"[0, 16, 24, 46, 47]",21.689635515931602
"[0, 16, 24, 46, 47]",21.08393736740001
"[0, 16, 24, 46, 47]",21.10013491454357
"[0, 16, 24, 46, 47]",21.418077060610504
"[0, 16, 24, 46, 47]",21.707711919528826
"[0, 16, 24, 46, 47]",21.798361506617287
"[0, 16, 24, 46, 47]",21.600060625360246
"[0, 16, 24, 46, 47]",21.501132753706756
"[0, 16, 24, 46, 47]",21.796147379347648
"[0, 16, 24, 46, 47]",22.156211026889306
"[0, 16, 24, 46, 47]",21.622348723665656
"[0, 16, 24, 46, 47]",23.546932153443443
"[0, 16, 24, 46, 47]",25.739249276429216
"[0, 16, 24, 46, 47]",32.8551117559378
"[0, 16, 24, 36, 47]",33.268876377903574
"[0, 16, 24, 36, 47]",34.020344884481716
"[0, 16, 24, 35, 47]",36.70101151138447
"[0, 16, 24, 36, 47]",33.986566547640074
"[0, 16, 24, 36, 47]",34.375817226125605
"[0, 16, 24, 36, 47]",35.9609235748606
"[0, 16, 24, 36, 47]",39.277232485975766
"[0, 16, 24, 36, 47]",40.12186914489611
"[0, 16, 24, 36, 47]",37.96903467366642
"[0, 16, 24, 36, 47]",37.72854020595856
"[0, 16, 24, 46, 47]",33.221816950093086
"[0, 16, 24, 46, 47]",30.762725296542136
"[0, 16, 24, 46, 47]",24.062875296903492
"[0, 16, 24, 46, 47]",22.73493825886039
"[0, 16, 24, 46, 47]",21.013087068535558
"[3, 16, 24, 46, 47]",20.00759421485731
"[0, 16, 24, 46, 47]",20.070033673330787
"[0, 16, 24, 46, 47]",20.923960691953404
"[0, 16, 24, 46, 47]",20.819862937265952
"[0, 16, 24, 46, 47]",20.05488848792733
"[0, 16, 24, 46, 47]",21.03142540016893
"[0, 16, 24, 46, 47]",22.616197986301085
"[0, 16, 24, 46, 47]",24.66088468691966
"[0, 16, 24, 46, 47]",33.08992199187747
"[0, 16, 24, 36, 47]",32.80430171468602
"[0, 12, 16, 24, 42]",34.34490750789826
"[0, 12, 24, 35, 47]",34.08107877414674
"[0, 12, 20, 24, 37]",33.378961877802524
"[3, 12, 20, 24, 37]",32.68110447423502
"[0, 12, 24, 36, 42]",35.73208883383609
"[0, 12, 24, 36, 47]",36.57954421581021
"[0, 12, 16, 24, 42]",34.68368703941279
"[0, 12, 16, 24, 47]",34.21229101102739
"[0, 16, 24, 36, 47]",34.1358894868506
"[0, 16, 24, 46, 47]",34.73243595237578
"[0, 16, 24, 46, 47]",31.641323326025585
"[0, 16, 24, 46, 47]",24.108615838845555
"[0, 16, 24, 46, 47]",22.52327928898965
"[0, 16, 24, 46, 47]",21.124584928786657
"[3, 16, 24, 46, 47]",20.63562188317954
"[0, 16, 24, 46, 47]",21.070934015096125
