switches,max_line_loading
"[7, 12, 24, 34, 43]",31.79318280925953
"[4, 12, 24, 36, 43]",33.60092261440918
"[0, 12, 24, 35, 42]",32.14957641431465
"[0, 12, 16, 24, 33]",31.02109658211088
"[0, 12, 16, 24, 42]",29.166600937964954
"[0, 16, 24, 36, 47]",26.463450852428384
"[0, 16, 24, 36, 47]",28.099768249520185
"[0, 16, 24, 36, 47]",23.06186330421741
"[0, 16, 24, 46, 47]",23.071037236059738
"[0, 16, 24, 46, 47]",20.70418893777992
"[0, 16, 24, 46, 47]",21.238998922963518
"[0, 16, 24, 46, 47]",22.550955288095906
"[0, 16, 24, 46, 47]",22.724131592415485
"[0, 16, 24, 46, 47]",24.23511415841664
"[0, 16, 24, 46, 47]",23.84206442263929
"[0, 16, 24, 46, 47]",23.73086668097475
"[0, 16, 24, 46, 47]",22.781905985626732
"[0, 16, 24, 36, 47]",22.648544531369964
"[0, 12, 16, 24, 42]",26.65777217935288
"[0, 12, 24, 34, 47]",29.43732079087046
"[3, 12, 24, 33, 42]",29.59882342338754
"[7, 12, 24, 36, 45]",29.652194899481294
"[8, 24, 36, 42, 46]",29.70685346441611
"[8, 24, 36, 42, 46]",31.379107608861638
"[8, 24, 36, 42, 46]",32.045676164621824
"[7, 24, 36, 42, 46]",31.759803955074297
"[7, 12, 24, 36, 48]",28.14477142741482
"[0, 12, 24, 36, 42]",28.313852476049224
"[0, 12, 16, 24, 42]",29.3190625201455
"[0, 16, 24, 46, 47]",26.85344208543894
"[0, 16, 24, 36, 47]",28.391506060980216
"[0, 16, 24, 46, 47]",22.652467436084315
"[0, 16, 24, 46, 47]",22.120118893272075
"[0, 16, 24, 46, 47]",21.835897071162034
"[0, 16, 24, 46, 47]",21.55362399130267
"[0, 16, 24, 46, 47]",21.26700872123671
"[0, 16, 24, 46, 47]",20.579081932285227
"[0, 16, 24, 46, 47]",20.858422974268716
"[0, 16, 24, 46, 47]",20.69641495372964
"[0, 16, 24, 46, 47]",22.055518449880903
"[0, 16, 24, 36, 47]",21.514689313441146
"[0, 16, 24, 35, 47]",22.41480817562202
"[0, 12, 16, 24, 42]",27.93282490993368
"[0, 12, 16, 24, 35]",31.225186027950535
"[3, 12, 24, 34, 42]",29.712655292929124
"[7, 12, 24, 32, 42]",30.163710630419892
"[8, 24, 36, 42, 46]",29.855265040364404
"[8, 24, 36, 42, 46]",31.07060466432156
"[8, 24, 36, 42, 46]",31.51561088745846
"[7, 12, 24, 35, 44]",30.699423954507477
"[3, 12, 24, 35, 42]",30.183677576511624
"[0, 12, 24, 36, 47]",33.54426552838147
"[0, 12, 16, 24, 47]",31.893224142172606
"[0, 16, 24, 36, 47]",29.074128970539938
"[0, 16, 24, 46, 47]",31.07301857455152
"[0, 16, 24, 46, 47]",23.669050709168914
"[0, 16, 24, 36, 47]",24.012167093341905
"[0, 16, 24, 46, 47]",21.128330920153587
"[0, 16, 24, 46, 47]",20.819472054835444
"[0, 16, 24, 46, 47]",20.975224908578948
"[0, 16, 24, 46, 47]",21.193896695752198
"[0, 16, 24, 46, 47]",23.552286309838255
"[0, 16, 24, 46, 47]",23.43615361864769
"[0, 16, 24, 46, 47]",23.557318310826226
"[0, 16, 24, 46, 47]",22.47782397868749
"[0, 16, 24, 36, 47]",22.8077908945823
"[0, 12, 16, 24, 42]",26.570473974002347
"[0, 12, 24, 33, 47]",28.974024338994315
"[4, 12, 24, 32, 42]",28.368324353484255
"[7, 12, 24, 32, 42]",30.323184821373772
"[8, 24, 36, 42, 46]",30.96716314383824
"[8, 24, 36, 42, 46]",33.43234961861072
"[7, 12, 21, 24, 36]",33.59992449689891
"[7, 12, 24, 36, 48]",32.00554413303542
"[4, 12, 24, 33, 42]",30.47818015481194
"[0, 12, 24, 33, 47]",31.265259629721175
"[0, 12, 16, 24, 42]",31.56672802108753
"[0, 12, 16, 24, 47]",28.917982720750945
"[0, 16, 24, 36, 47]",27.670183672497384
"[0, 16, 24, 46, 47]",22.763541699532993
"[0, 16, 24, 46, 47]",22.88583213880395
"[0, 16, 24, 46, 47]",21.79991721445091
"[0, 16, 24, 46, 47]",20.834719266005035
"[0, 16, 24, 46, 47]",20.62730921445314
"[0, 16, 24, 46, 47]",21.330879919069922
"[0, 16, 24, 46, 47]",21.486292742408068
"[0, 16, 24, 46, 47]",21.430646843706203
"[0, 16, 24, 46, 47]",21.353451814939017
"[0, 16, 24, 36, 47]",21.57026991559426
"[0, 19, 24, 36, 47]",20.559247246646397
"[0, 19, 24, 36, 47]",18.64621711120287
"[6, 12, 24, 36, 45]",17.196154831349016
"[8, 19, 24, 32, 42]",17.47471753163968
"[8, 19, 20, 24, 32]",20.77428140558909
"[8, 24, 36, 42, 46]",18.950795712798296
"[6, 12, 24, 32, 42]",18.624258314017773
"[3, 19, 24, 36, 42]",19.441508759095807
"[0, 12, 19, 24, 42]",20.28834405389989
"[0, 12, 19, 24, 47]",18.84609333118918
"[0, 19, 24, 36, 47]",19.45901811277411
"[0, 19, 24, 36, 47]",22.51706628246845
"[0, 16, 24, 35, 47]",21.916963873364594
"[0, 16, 24, 36, 47]",21.178817805242435
"[0, 16, 24, 46, 47]",21.598481919377445
"[0, 16, 24, 46, 47]",20.53025653172538
"[0, 16, 24, 46, 47]",21.008500746386108
"[0, 16, 24, 46, 47]",21.219852779411166
"[0, 16, 24, 46, 47]",22.227160632039904
"[0, 16, 24, 46, 47]",21.653570846038154
"[0, 16, 24, 46, 47]",21.735559039877757
"[0, 16, 24, 46, 47]",21.015616506199606
"[0, 16, 24, 46, 47]",20.483008769265954
"[0, 16, 24, 36, 47]",19.685472689275105
"[0, 19, 24, 36, 47]",19.122161284502624
"[0, 12, 24, 35, 47]",16.427154091150552
"[7, 24, 36, 42, 46]",16.899400228547222
"[8, 19, 20, 24, 32]",17.417362304614656
"[8, 15, 20, 24, 32]",24.197241027319667
"[8, 15, 20, 24, 32]",27.60991172875767
"[8, 15, 20, 24, 32]",30.178089993547967
"[8, 15, 20, 24, 32]",30.320776880541185
"[8, 15, 20, 24, 32]",26.970424890544898
"[8, 15, 20, 24, 32]",21.77146337344995
"[8, 24, 35, 42, 46]",15.562574613059471
"[0, 12, 24, 33, 47]",16.92801529978173
"[0, 19, 24, 36, 47]",17.56130083955639
"[0, 16, 24, 36, 47]",19.758288818233673
"[0, 16, 24, 46, 47]",20.077015757273507
"[0, 16, 24, 46, 47]",20.56372981570945
"[0, 16, 24, 46, 47]",20.927915846171192
"[0, 16, 24, 46, 47]",21.898788415123104
"[0, 16, 24, 46, 47]",22.131582189167617
"[0, 16, 24, 46, 47]",22.054344811273175
"[0, 16, 24, 46, 47]",23.901007442173505
"[0, 16, 24, 46, 47]",24.142423522781336
"[0, 16, 24, 46, 47]",23.967935939781277
"[0, 16, 24, 46, 47]",22.83544972672118
"[0, 16, 24, 36, 47]",22.709917021725623
"[0, 12, 16, 24, 42]",27.286381204852383
"[0, 12, 24, 35, 47]",29.401519920351937
"[0, 12, 20, 24, 37]",31.79787209727074
"[0, 12, 24, 35, 42]",31.106404751473022
"[4, 12, 24, 33, 42]",30.28682486943648
"[3, 12, 20, 24, 37]",31.464929676073854
"[0, 12, 24, 36, 47]",34.92872229082239
"[0, 12, 16, 24, 47]",33.485144760390476
"[0, 12, 16, 24, 47]",31.990165944082293
"[0, 12, 16, 24, 35]",30.189469429658615
"[0, 16, 24, 36, 42]",28.63621514089702
"[0, 16, 24, 36, 47]",25.53871354218521
"[0, 16, 24, 36, 47]",24.909646852936383
"[0, 16, 24, 46, 47]",22.0772003491143
"[0, 16, 24, 46, 47]",22.003734984634384
"[0, 16, 24, 46, 47]",21.3160412611571
"[0, 16, 24, 46, 47]",21.49658772138938
"[0, 16, 24, 46, 47]",21.788505157790162
"[0, 16, 24, 46, 47]",22.49791894401573
"[0, 16, 24, 46, 47]",23.942786562756996
"[0, 16, 24, 46, 47]",23.34017596848449
"[0, 16, 24, 46, 47]",23.622035580219368
"[0, 16, 24, 46, 47]",22.2209716609661
"[0, 16, 24, 35, 47]",21.57871445058864
"[0, 12, 16, 24, 47]",27.11585385014046
"[0, 12, 16, 24, 42]",30.8634623563042
"[0, 12, 16, 24, 36]",32.8641050997505
"[4, 12, 24, 36, 43]",30.923727240918026
"[8, 24, 36, 42, 46]",30.741022558477667
"[8, 24, 36, 42, 46]",31.48160878031569
